32
71
30 0 300000.0
0 17 2000000.0
0 4 3000000.0
30 1 400000.0
1 17 2000000.0
1 4 3000000.0
30 2 400000.0
2 17 2000000.0
2 4 3000000.0
30 3 130000.0
3 17 2000000.0
3 4 3000000.0
17 4 1020.0
4 17 80300.0
4 4 80300.0
4 4 80300.0
7 4 50000.0
6 4 300.0
5 4 30000.0
4 16 54.0
4 15 1222.0
4 14 1222.0
4 13 26000.0
4 12 50000.0
4 11 25000.0
4 10 90000.0
4 9 50000.0
4 8 20000.0
4 7 40000.0
4 6 20000.0
4 5 50000.0
3 4 3000000.0
2 4 3000000.0
1 4 3000000.0
0 4 3000000.0
5 31 50000.0
5 4 30000.0
4 5 50000.0
6 31 20000.0
6 4 300.0
4 6 20000.0
7 31 40000.0
7 4 50000.0
4 7 40000.0
8 31 20000.0
4 8 20000.0
9 31 50000.0
4 9 50000.0
10 31 90000.0
4 10 90000.0
11 31 25000.0
4 11 25000.0
12 31 50000.0
4 12 50000.0
13 31 26000.0
4 13 26000.0
14 31 1222.0
4 14 1222.0
15 31 1222.0
4 15 1222.0
16 31 54.0
4 16 54.0
17 17 1020.0
17 17 1020.0
17 4 1020.0
4 17 80300.0
22 17 400.0
21 17 120.0
19 17 300.0
18 17 200.0
17 29 54.0
17 28 1222.0
17 27 1222.0
17 26 26000.0
17 25 50000.0
17 24 25000.0
17 23 90000.0
17 22 50000.0
17 21 20000.0
17 20 40000.0
17 19 20000.0
17 18 50000.0
3 17 2000000.0
2 17 2000000.0
1 17 2000000.0
0 17 2000000.0
18 31 50000.0
18 17 200.0
17 18 50000.0
19 31 20000.0
19 17 300.0
17 19 20000.0
20 31 40000.0
17 20 40000.0
21 31 20000.0
21 17 120.0
17 21 20000.0
22 31 50000.0
22 17 400.0
17 22 50000.0
23 31 90000.0
17 23 90000.0
24 31 25000.0
17 24 25000.0
25 31 50000.0
17 25 50000.0
26 31 26000.0
17 26 26000.0
27 31 1222.0
17 27 1222.0
28 31 1222.0
17 28 1222.0
29 31 54.0
17 29 54.0
30 3 130000.0
30 2 400000.0
30 1 400000.0
30 0 300000.0
29 31 54.0
28 31 1222.0
27 31 1222.0
26 31 26000.0
25 31 50000.0
24 31 25000.0
23 31 90000.0
22 31 50000.0
21 31 20000.0
20 31 40000.0
19 31 20000.0
18 31 50000.0
16 31 54.0
15 31 1222.0
14 31 1222.0
13 31 26000.0
12 31 50000.0
11 31 25000.0
10 31 90000.0
9 31 50000.0
8 31 20000.0
7 31 40000.0
6 31 20000.0
5 31 50000.0
